Title,Cumulative Total,Cumulative Students,Cumulative Staff,Total,Students,Staff
"Confirmed Positive COVID Cases, March 09, 2023 at 6 PM",79387,48323,31064,94,47,47
"Confirmed Positive COVID Cases, March 08, 2023 at 6 PM",79293,48276,31017,87,50,37
"Confirmed Positive COVID Cases, March 07, 2023 at 6 PM",79206,48226,30980,148,73,75
"Confirmed Positive COVID Cases, March 06, 2023 at 6 PM",79058,48153,30905,222,92,130
"Confirmed Positive COVID Cases, March 05, 2023 at 6 PM",78836,48061,30775,9,0,9
"Confirmed Positive COVID Cases, March 03, 2023 at 6 PM",78827,48061,30766,63,34,29
"Confirmed Positive COVID Cases, March 02, 2023 at 6 PM",78764,48027,30737,101,55,46
"Confirmed Positive COVID Cases, March 01, 2023 at 6 PM",78663,47972,30691,119,44,75
"Confirmed Positive COVID Cases, February 28, 2023 at 6 PM",78544,47928,30616,144,68,76
"Confirmed Positive COVID Cases, February 27, 2023 at 6 PM",78400,47860,30540,286,102,184
"Confirmed Positive COVID Cases, February 26, 2023 at 6 PM",78114,47758,30356,19,2,17
"Confirmed Positive COVID Cases, February 23, 2023 at 6 PM",78095,47756,30339,10,7,3
"Confirmed Positive COVID Cases, February 21, 2023 at 6 PM",78085,47749,30336,14,5,9
"Confirmed Positive COVID Cases, February 20, 2023 at 6 PM",78071,47744,30327,5,1,4
"Confirmed Positive COVID Cases, February 17, 2023 at 6 PM",78066,47743,30323,132,85,47
"Confirmed Positive COVID Cases, February 16, 2023 at 6 PM",77934,47658,30276,163,106,57
"Confirmed Positive COVID Cases, February 15, 2023 at 6 PM",77771,47552,30219,209,131,78
"Confirmed Positive COVID Cases, February 14, 2023 at 6 PM",77562,47421,30141,248,139,109
"Confirmed Positive COVID Cases, February 13, 2023 at 6 PM",77314,47282,30032,441,241,200
"Confirmed Positive COVID Cases, February 12, 2023 at 6 PM",76873,47041,29832,18,8,10
"Confirmed Positive COVID Cases, February 10, 2023 at 6 PM",76855,47033,29822,221,152,69
"Confirmed Positive COVID Cases, February 09, 2023 at 6 PM",76634,46881,29753,249,156,93
"Confirmed Positive COVID Cases, February 08, 2023 at 6 PM",76385,46725,29660,281,180,101
"Confirmed Positive COVID Cases, February 07, 2023 at 6 PM",76104,46545,29559,351,217,134
"Confirmed Positive COVID Cases, February 06, 2023 at 6 PM",75753,46328,29425,630,339,291
"Confirmed Positive COVID Cases, February 05, 2023 at 6 PM",75123,45989,29134,22,7,15
"Confirmed Positive COVID Cases, February 03, 2023 at 6 PM",75101,45982,29119,333,221,112
"Confirmed Positive COVID Cases, February 02, 2023 at 6 PM",74768,45761,29007,418,292,126
"Confirmed Positive COVID Cases, February 01, 2023 at 6 PM",74350,45469,28881,426,243,183
"Confirmed Positive COVID Cases, January 31, 2023 at 6 PM",73924,45226,28698,612,394,218
"Confirmed Positive COVID Cases, January 30, 2023 at 6 PM",73312,44832,28480,870,488,382
"Confirmed Positive COVID Cases, January 29, 2023 at 6 PM",72442,44344,28098,71,37,34
"Confirmed Positive COVID Cases, January 27, 2023 at 6 PM",72371,44307,28064,355,228,127
"Confirmed Positive COVID Cases, January 26, 2023 at 6 PM",72016,44079,27937,466,304,162
"Confirmed Positive COVID Cases, January 25, 2023 at 6 PM",71550,43775,27775,486,280,206
"Confirmed Positive COVID Cases, January 24, 2023 at 6 PM",71064,43495,27569,690,442,248
"Confirmed Positive COVID Cases, January 23, 2023 at 6 PM",70374,43053,27321,1083,587,496
"Confirmed Positive COVID Cases, January 22, 2023 at 6 PM",69291,42466,26825,86,48,38
"Confirmed Positive COVID Cases, January 20, 2023 at 6 PM",69205,42418,26787,467,317,150
"Confirmed Positive COVID Cases, January 19, 2023 at 6 PM",68738,42101,26637,613,413,200
"Confirmed Positive COVID Cases, January 18, 2023 at 6 PM",68125,41688,26437,891,594,297
"Confirmed Positive COVID Cases, January 17, 2023 at 6 PM",67234,41094,26140,1398,833,565
"Confirmed Positive COVID Cases, January 16, 2023 at 6 PM",65836,40261,25575,68,36,32
"Confirmed Positive COVID Cases, January 15, 2023 at 6 PM",65768,40225,25543,58,28,30
"Confirmed Positive COVID Cases, January 13, 2023 at 6 PM",65710,40197,25513,551,375,176
"Confirmed Positive COVID Cases, January 12, 2023 at 6 PM",65159,39822,25337,564,375,189
"Confirmed Positive COVID Cases, January 11, 2023 at 6 PM",64595,39447,25148,621,412,209
"Confirmed Positive COVID Cases, January 10, 2023 at 6 PM",63974,39035,24939,829,491,338
"Confirmed Positive COVID Cases, January 09, 2023 at 6 PM",63145,38544,24601,1102,624,478
"Confirmed Positive COVID Cases, January 08, 2023 at 6 PM",62043,37920,24123,57,19,38
"Confirmed Positive COVID Cases, January 06, 2023 at 6 PM",61986,37901,24085,516,307,209
"Confirmed Positive COVID Cases, January 05, 2023 at 6 PM",61470,37594,23876,649,444,205
"Confirmed Positive COVID Cases, January 04, 2023 at 6 PM",60821,37150,23671,735,434,301
"Confirmed Positive COVID Cases, January 03, 2023 at 6 PM",60086,36716,23370,1614,676,938
"Confirmed Positive COVID Cases, January 02, 2023 at 6 PM",58472,36040,22432,75,14,61
"Confirmed Positive COVID Cases, January 01, 2023 at 6 PM",58397,36026,22371,44,17,27
"Confirmed Positive COVID Cases, December 29, 2022 at 6 PM",58353,36009,22344,6,2,4
"Confirmed Positive COVID Cases, December 28, 2022 at 6 PM",58347,36007,22340,16,12,4
"Confirmed Positive COVID Cases, December 27, 2022 at 6 PM",58331,35995,22336,13,6,7
"Confirmed Positive COVID Cases, December 26, 2022 at 6 PM",58318,35989,22329,7,1,6
"Confirmed Positive COVID Cases, December 25, 2022 at 6 PM",58311,35988,22323,16,5,11
"Confirmed Positive COVID Cases, December 23, 2022 at 6 PM",58295,35983,22312,536,315,221
"Confirmed Positive COVID Cases, December 22, 2022 at 6 PM",57759,35668,22091,815,520,295
"Confirmed Positive COVID Cases, December 21, 2022 at 6 PM",56944,35148,21796,1041,661,380
"Confirmed Positive COVID Cases, December 20, 2022 at 6 PM",55903,34487,21416,1307,801,506
"Confirmed Positive COVID Cases, December 19, 2022 at 6 PM",54596,33686,20910,1958,1048,910
"Confirmed Positive COVID Cases, December 18, 2022 at 6 PM",52638,32638,20000,130,40,90
"Confirmed Positive COVID Cases, December 16, 2022 at 6 PM",52508,32598,19910,934,597,337
"Confirmed Positive COVID Cases, December 15, 2022 at 6 PM",51574,32001,19573,919,580,339
"Confirmed Positive COVID Cases, December 14, 2022 at 6 PM",50655,31421,19234,1086,692,394
"Confirmed Positive COVID Cases, December 13, 2022 at 6 PM",49569,30729,18840,1304,774,530
"Confirmed Positive COVID Cases, December 12, 2022 at 6 PM",48265,29955,18310,1858,1030,828
"Confirmed Positive COVID Cases, December 11, 2022 at 6 PM",46407,28925,17482,129,44,85
"Confirmed Positive COVID Cases, December 09, 2022 at 6 PM",46278,28881,17397,736,484,252
"Confirmed Positive COVID Cases, December 08, 2022 at 6 PM",45542,28397,17145,943,617,326
"Confirmed Positive COVID Cases, December 07, 2022 at 6 PM",44599,27780,16819,988,618,370
"Confirmed Positive COVID Cases, December 06, 2022 at 6 PM",43611,27162,16449,1131,695,436
"Confirmed Positive COVID Cases, December 05, 2022 at 6 PM",42480,26467,16013,1703,937,766
"Confirmed Positive COVID Cases, December 04, 2022 at 6 PM",40777,25530,15247,130,68,62
"Confirmed Positive COVID Cases, December 02, 2022 at 6 PM",40647,25462,15185,760,497,263
"Confirmed Positive COVID Cases, December 01, 2022 at 6 PM",39887,24965,14922,826,541,285
"Confirmed Positive COVID Cases, November 30, 2022 at 6 PM",39061,24424,14637,980,652,328
"Confirmed Positive COVID Cases, November 29, 2022 at 6 PM",38081,23772,14309,1228,760,468
"Confirmed Positive COVID Cases, November 28, 2022 at 6 PM",36853,23012,13841,2170,1119,1051
"Confirmed Positive COVID Cases, November 27, 2022 at 6 PM",34683,21893,12790,158,44,114
"Confirmed Positive COVID Cases, November 24, 2022 at 6 PM",34525,21849,12676,20,8,12
"Confirmed Positive COVID Cases, November 23, 2022 at 6 PM",34505,21841,12664,547,363,184
"Confirmed Positive COVID Cases, November 22, 2022 at 6 PM",33958,21478,12480,757,483,274
"Confirmed Positive COVID Cases, November 21, 2022 at 6 PM",33201,20995,12206,1200,692,508
"Confirmed Positive COVID Cases, November 20, 2022 at 6 PM",32001,20303,11698,80,30,50
"Confirmed Positive COVID Cases, November 18, 2022 at 6 PM",31921,20273,11648,513,305,208
"Confirmed Positive COVID Cases, November 17, 2022 at 6 PM",31408,19968,11440,534,318,216
"Confirmed Positive COVID Cases, November 16, 2022 at 6 PM",30874,19650,11224,577,338,239
"Confirmed Positive COVID Cases, November 15, 2022 at 6 PM",30297,19312,10985,643,351,292
"Confirmed Positive COVID Cases, November 14, 2022 at 6 PM",29654,18961,10693,1253,668,585
"Confirmed Positive COVID Cases, November 13, 2022 at 6 PM",28401,18293,10108,84,36,48
"Confirmed Positive COVID Cases, November 11, 2022 at 6 PM",28317,18257,10060,54,19,35
"Confirmed Positive COVID Cases, November 10, 2022 at 6 PM",28263,18238,10025,526,372,154
"Confirmed Positive COVID Cases, November 09, 2022 at 6 PM",27737,17866,9871,707,493,214
"Confirmed Positive COVID Cases, November 08, 2022 at 6 PM",27030,17373,9657,390,192,198
"Confirmed Positive COVID Cases, November 07, 2022 at 6 PM",26640,17181,9459,1164,688,476
"Confirmed Positive COVID Cases, November 06, 2022 at 6 PM",25476,16493,8983,82,34,48
"Confirmed Positive COVID Cases, November 04, 2022 at 6 PM",25394,16459,8935,606,393,213
"Confirmed Positive COVID Cases, November 03, 2022 at 6 PM",24788,16066,8722,589,386,203
"Confirmed Positive COVID Cases, November 02, 2022 at 6 PM",24199,15680,8519,629,410,219
"Confirmed Positive COVID Cases, November 01, 2022 at 6 PM",23570,15270,8300,750,455,295
"Confirmed Positive COVID Cases, October 31, 2022 at 6 PM",22820,14815,8005,913,530,383
"Confirmed Positive COVID Cases, October 30, 2022 at 6 PM",21907,14285,7622,51,20,31
"Confirmed Positive COVID Cases, October 28, 2022 at 6 PM",21856,14265,7591,438,277,161
"Confirmed Positive COVID Cases, October 27, 2022 at 6 PM",21418,13988,7430,460,292,168
"Confirmed Positive COVID Cases, October 26, 2022 at 6 PM",20958,13696,7262,524,326,198
"Confirmed Positive COVID Cases, October 25, 2022 at 6 PM",20434,13370,7064,576,342,234
"Confirmed Positive COVID Cases, October 24, 2022 at 6 PM",19858,13028,6830,940,542,398
"Confirmed Positive COVID Cases, October 23, 2022 at 6 PM",18918,12486,6432,61,24,37
"Confirmed Positive COVID Cases, October 21, 2022 at 6 PM",18857,12462,6395,306,216,90
"Confirmed Positive COVID Cases, October 20, 2022 at 6 PM",18551,12246,6305,352,234,118
"Confirmed Positive COVID Cases, October 19, 2022 at 6 PM",18199,12012,6187,417,271,146
"Confirmed Positive COVID Cases, October 18, 2022 at 6 PM",17782,11741,6041,442,286,156
"Confirmed Positive COVID Cases, October 17, 2022 at 6 PM",17340,11455,5885,741,450,291
"Confirmed Positive COVID Cases, October 16, 2022 at 6 PM",16599,11005,5594,56,26,30
"Confirmed Positive COVID Cases, October 14, 2022 at 6 PM",16543,10979,5564,278,180,98
"Confirmed Positive COVID Cases, October 13, 2022 at 6 PM",16265,10799,5466,364,224,140
"Confirmed Positive COVID Cases, October 12, 2022 at 6 PM",15901,10575,5326,553,348,205
"Confirmed Positive COVID Cases, October 11, 2022 at 6 PM",15348,10227,5121,876,510,366
"Confirmed Positive COVID Cases, October 10, 2022 at 6 PM",14472,9717,4755,62,22,40
"Confirmed Positive COVID Cases, October 09, 2022 at 6 PM",14410,9695,4715,34,17,17
"Confirmed Positive COVID Cases, October 07, 2022 at 6 PM",14376,9678,4698,370,253,117
"Confirmed Positive COVID Cases, October 06, 2022 at 6 PM",14006,9425,4581,612,388,224
"Confirmed Positive COVID Cases, October 05, 2022 at 6 PM",13394,9037,4357,63,35,28
"Confirmed Positive COVID Cases, October 04, 2022 at 6 PM",13331,9002,4329,549,332,217
"Confirmed Positive COVID Cases, October 03, 2022 at 6 PM",12782,8670,4112,707,455,252
"Confirmed Positive COVID Cases, October 02, 2022 at 6 PM",267112,198886,68226,327,210,117
"Confirmed Positive COVID Cases, September 29, 2022 at 6 PM",266785,198676,68109,639,441,198
"Confirmed Positive COVID Cases, September 28, 2022 at 6 PM",266146,198235,67911,1484,919,565
"Confirmed Positive COVID Cases, September 27, 2022 at 6 PM",264662,197316,67346,129,55,74
"Confirmed Positive COVID Cases, September 26, 2022 at 6 PM",264533,197261,67272,110,52,58
"Confirmed Positive COVID Cases, September 25, 2022 at 6 PM",264423,197209,67214,47,26,21
"Confirmed Positive COVID Cases, September 23, 2022 at 6 PM",264376,197183,67193,563,422,141
"Confirmed Positive COVID Cases, September 22, 2022 at 6 PM",263813,196761,67052,769,544,225
"Confirmed Positive COVID Cases, September 21, 2022 at 6 PM",263044,196217,66827,918,658,260
"Confirmed Positive COVID Cases, September 20, 2022 at 6 PM",262126,195559,66567,1238,883,355
"Confirmed Positive COVID Cases, September 19, 2022 at 6 PM",260888,194676,66212,1816,1252,564
"Confirmed Positive COVID Cases, September 18, 2022 at 6 PM",259072,193424,65648,193,116,77
"Confirmed Positive COVID Cases, September 16, 2022 at 6 PM",258879,193308,65571,727,528,199
"Confirmed Positive COVID Cases, September 15, 2022 at 6 PM",258152,192780,65372,626,460,166
"Confirmed Positive COVID Cases, September 14, 2022 at 6 PM",257526,192320,65206,542,393,149
"Confirmed Positive COVID Cases, September 13, 2022 at 6 PM",256984,191927,65057,691,527,164
"Confirmed Positive COVID Cases, September 12, 2022 at 6 PM",256293,191400,64893,789,512,277
"Confirmed Positive COVID Cases, September 11, 2022 at 6 PM",255504,190888,64616,83,25,58
"Confirmed Positive COVID Cases, September 09, 2022 at 6 PM",255421,190863,64558,223,123,100
"Confirmed Positive COVID Cases, September 08, 2022 at 6 PM",255198,190740,64458,142,60,82
"Confirmed Positive COVID Cases, September 07, 2022 at 6 PM",255056,190680,64376,156,50,106
"Confirmed Positive COVID Cases, September 06, 2022 at 6 PM",254900,190630,64270,148,67,81
"Confirmed Positive COVID Cases, September 05, 2022 at 6 PM",254752,190563,64189,16,0,16
"Confirmed Positive COVID Cases, September 04, 2022 at 6 PM",254736,190563,64173,5,0,5
"Confirmed Positive COVID Cases, September 02, 2022 at 6 PM",254731,190563,64168,45,27,18
"Confirmed Positive COVID Cases, September 01, 2022 at 6 PM",254686,190536,64150,33,15,18
"Confirmed Positive COVID Cases, August 31, 2022 at 6 PM",254653,190521,64132,74,39,35
"Confirmed Positive COVID Cases, August 29, 2022 at 6 PM",254579,190482,64097,59,37,22
"Confirmed Positive COVID Cases, August 28, 2022 at 6 PM",254520,190445,64075,2,0,2
"Confirmed Positive COVID Cases, August 26, 2022 at 6 PM",254518,190445,64073,25,12,13
"Confirmed Positive COVID Cases, August 25, 2022 at 6 PM",254493,190433,64060,33,22,11
"Confirmed Positive COVID Cases, August 24, 2022 at 6 PM",254460,190411,64049,27,12,15
"Confirmed Positive COVID Cases, August 23, 2022 at 6 PM",254433,190399,64034,32,16,16
"Confirmed Positive COVID Cases, August 22, 2022 at 6 PM",254401,190383,64018,64,33,31
"Confirmed Positive COVID Cases, August 21, 2022 at 6 PM",254337,190350,63987,1,0,1
"Confirmed Positive COVID Cases, August 19, 2022 at 6 PM",254336,190350,63986,16,9,7
"Confirmed Positive COVID Cases, August 18, 2022 at 6 PM",254320,190341,63979,22,13,9
"Confirmed Positive COVID Cases, August 17, 2022 at 6 PM",254298,190328,63970,28,14,14
"Confirmed Positive COVID Cases, August 16, 2022 at 6 PM",254270,190314,63956,30,13,17
"Confirmed Positive COVID Cases, August 15, 2022 at 6 PM",254240,190301,63939,55,15,40
"Confirmed Positive COVID Cases, August 14, 2022 at 6 PM",254185,190286,63899,2,1,1
"Confirmed Positive COVID Cases, August 12, 2022 at 6 PM",254183,190285,63898,46,19,27
"Confirmed Positive COVID Cases, August 11, 2022 at 6 PM",254137,190266,63871,97,68,29
"Confirmed Positive COVID Cases, August 10, 2022 at 6 PM",254040,190198,63842,154,97,57
"Confirmed Positive COVID Cases, August 09, 2022 at 6 PM",253886,190101,63785,176,116,60
"Confirmed Positive COVID Cases, August 08, 2022 at 6 PM",253710,189985,63725,253,120,133
"Confirmed Positive COVID Cases, August 07, 2022 at 6 PM",253457,189865,63592,11,2,9
"Confirmed Positive COVID Cases, August 05, 2022 at 6 PM",253446,189863,63583,124,67,57
"Confirmed Positive COVID Cases, August 04, 2022 at 6 PM",253322,189796,63526,203,145,58
"Confirmed Positive COVID Cases, August 03, 2022 at 6 PM",253119,189651,63468,259,195,64
"Confirmed Positive COVID Cases, August 02, 2022 at 6 PM",252860,189456,63404,212,147,65
"Confirmed Positive COVID Cases, August 01, 2022 at 6 PM",252648,189309,63339,350,207,143
"Confirmed Positive COVID Cases, July 31, 2022 at 6 PM",252298,189102,63196,13,2,11
"Confirmed Positive COVID Cases, July 29, 2022 at 6 PM",252285,189100,63185,158,106,52
"Confirmed Positive COVID Cases, July 28, 2022 at 6 PM",252127,188994,63133,283,216,67
"Confirmed Positive COVID Cases, July 27, 2022 at 6 PM",251844,188778,63066,301,216,85
"Confirmed Positive COVID Cases, July 26, 2022 at 6 PM",251543,188562,62981,367,245,122
"Confirmed Positive COVID Cases, July 25, 2022 at 6 PM",251176,188317,62859,481,295,186
"Confirmed Positive COVID Cases, July 24, 2022 at 6 PM",250695,188022,62673,17,8,9
"Confirmed Positive COVID Cases, July 22, 2022 at 6 PM",250678,188014,62664,217,144,73
"Confirmed Positive COVID Cases, July 21, 2022 at 6 PM",250461,187870,62591,285,221,64
"Confirmed Positive COVID Cases, July 20, 2022 at 6 PM",250176,187649,62527,276,182,94
"Confirmed Positive COVID Cases, July 19, 2022 at 6 PM",249900,187467,62433,375,274,101
"Confirmed Positive COVID Cases, July 18, 2022 at 6 PM",249525,187193,62332,458,281,177
"Confirmed Positive COVID Cases, July 17, 2022 at 6 PM",249067,186912,62155,20,6,14
"Confirmed Positive COVID Cases, July 15, 2022 at 6 PM",249047,186906,62141,174,112,62
"Confirmed Positive COVID Cases, July 14, 2022 at 6 PM",248873,186794,62079,227,145,82
"Confirmed Positive COVID Cases, July 13, 2022 at 6 PM",248646,186649,61997,275,160,115
"Confirmed Positive COVID Cases, July 12, 2022 at 6 PM",248371,186489,61882,212,141,71
"Confirmed Positive COVID Cases, July 11, 2022 at 6 PM",248159,186348,61811,278,143,135
"Confirmed Positive COVID Cases, July 10, 2022 at 6 PM",247881,186205,61676,6,0,6
"Confirmed Positive COVID Cases, July 08, 2022 at 6 PM",247875,186205,61670,79,35,44
"Confirmed Positive COVID Cases, July 07, 2022 at 6 PM",247796,186170,61626,100,54,46
"Confirmed Positive COVID Cases, July 06, 2022 at 6 PM",247696,186116,61580,85,24,61
"Confirmed Positive COVID Cases, July 05, 2022 at 6 PM",247611,186092,61519,90,21,69
"Confirmed Positive COVID Cases, July 04, 2022 at 6 PM",247521,186071,61450,7,0,7
"Confirmed Positive COVID Cases, July 03, 2022 at 6 PM",247514,186071,61443,10,0,10
"Confirmed Positive COVID Cases, July 01, 2022 at 6 PM",247504,186071,61433,36,3,33
"Confirmed Positive COVID Cases, June 30, 2022 at 6 PM",247468,186068,61400,72,17,55
"Confirmed Positive COVID Cases, June 29, 2022 at 6 PM",247396,186051,61345,78,21,57
"Confirmed Positive COVID Cases, June 28, 2022 at 6 PM",247318,186030,61288,184,38,146
"Confirmed Positive COVID Cases, June 27, 2022 at 6 PM",247134,185992,61142,587,286,301
"Confirmed Positive COVID Cases, June 26, 2022 at 6 PM",246547,185706,60841,112,66,46
"Confirmed Positive COVID Cases, June 24, 2022 at 6 PM",246435,185640,60795,411,238,173
"Confirmed Positive COVID Cases, June 23, 2022 at 6 PM",246024,185402,60622,683,457,226
"Confirmed Positive COVID Cases, June 22, 2022 at 6 PM",245341,184945,60396,729,463,266
"Confirmed Positive COVID Cases, June 21, 2022 at 6 PM",244612,184482,60130,1206,654,552
"Confirmed Positive COVID Cases, June 20, 2022 at 6 PM",243406,183828,59578,95,32,63
"Confirmed Positive COVID Cases, June 19, 2022 at 6 PM",243311,183796,59515,221,167,54
"Confirmed Positive COVID Cases, June 17, 2022 at 6 PM",243090,183629,59461,560,386,174
"Confirmed Positive COVID Cases, June 16, 2022 at 6 PM",242530,183243,59287,676,481,195
"Confirmed Positive COVID Cases, June 15, 2022 at 6 PM",241854,182762,59092,650,483,167
"Confirmed Positive COVID Cases, June 14, 2022 at 6 PM",241204,182279,58925,770,525,245
"Confirmed Positive COVID Cases, June 13, 2022 at 6 PM",240434,181754,58680,1149,714,435
"Confirmed Positive COVID Cases, June 12, 2022 at 6 PM",239285,181040,58245,314,248,66
"Confirmed Positive COVID Cases, June 10, 2022 at 6 PM",238971,180792,58179,713,501,212
"Confirmed Positive COVID Cases, June 09, 2022 at 6 PM",238258,180291,57967,456,313,143
"Confirmed Positive COVID Cases, June 08, 2022 at 6 PM",237802,179978,57824,857,638,219
"Confirmed Positive COVID Cases, June 07, 2022 at 6 PM",236945,179340,57605,709,489,220
"Confirmed Positive COVID Cases, June 06, 2022 at 6 PM",236236,178851,57385,1302,848,454
"Confirmed Positive COVID Cases, June 05, 2022 at 6 PM",234934,178003,56931,406,321,85
"Confirmed Positive COVID Cases, June 03, 2022 at 6 PM",234528,177682,56846,821,618,203
"Confirmed Positive COVID Cases, June 02, 2022 at 6 PM",233707,177064,56643,1145,827,318
"Confirmed Positive COVID Cases, June 01, 2022 at 6 PM",232562,176237,56325,1246,929,317
"Confirmed Positive COVID Cases, May 31, 2022 at 6 PM",231316,175308,56008,2178,1484,694
"Confirmed Positive COVID Cases, May 30, 2022 at 6 PM",229138,173824,55314,383,298,85
"Confirmed Positive COVID Cases, May 29, 2022 at 6 PM",228755,173526,55229,91,54,37
"Confirmed Positive COVID Cases, May 27, 2022 at 6 PM",228664,173472,55192,990,724,266
"Confirmed Positive COVID Cases, May 26, 2022 at 6 PM",227674,172748,54926,1276,970,306
"Confirmed Positive COVID Cases, May 25, 2022 at 6 PM",226398,171778,54620,1434,1071,363
"Confirmed Positive COVID Cases, May 24, 2022 at 6 PM",224964,170707,54257,1819,1359,460
"Confirmed Positive COVID Cases, May 23, 2022 at 6 PM",223145,169348,53797,2708,1895,813
"Confirmed Positive COVID Cases, May 22, 2022 at 6 PM",220437,167453,52984,616,468,148
"Confirmed Positive COVID Cases, May 20, 2022 at 6 PM",219821,166985,52836,1321,994,327
"Confirmed Positive COVID Cases, May 19, 2022 at 6 PM",218500,165991,52509,1577,1160,417
"Confirmed Positive COVID Cases, May 18, 2022 at 6 PM",216923,164831,52092,1814,1343,471
"Confirmed Positive COVID Cases, May 17, 2022 at 6 PM",215109,163488,51621,2085,1543,542
"Confirmed Positive COVID Cases, May 16, 2022 at 6 PM",213024,161945,51079,3293,2380,913
"Confirmed Positive COVID Cases, May 15, 2022 at 6 PM",209731,159565,50166,627,438,189
"Confirmed Positive COVID Cases, May 13, 2022 at 6 PM",209104,159127,49977,1550,1192,358
"Confirmed Positive COVID Cases, May 12, 2022 at 6 PM",207554,157935,49619,1637,1198,439
"Confirmed Positive COVID Cases, May 11, 2022 at 6 PM",205917,156737,49180,1677,1268,409
"Confirmed Positive COVID Cases, May 10, 2022 at 6 PM",204240,155469,48771,1836,1331,505
"Confirmed Positive COVID Cases, May 09, 2022 at 6 PM",202404,154138,48266,2584,1814,770
"Confirmed Positive COVID Cases, May 08, 2022 at 6 PM",199820,152324,47496,577,448,129
"Confirmed Positive COVID Cases, May 06, 2022 at 6 PM",199243,151876,47367,1070,790,280
"Confirmed Positive COVID Cases, May 05, 2022 at 6 PM",198173,151086,47087,1164,857,307
"Confirmed Positive COVID Cases, May 04, 2022 at 6 PM",197009,150229,46780,1401,973,428
"Confirmed Positive COVID Cases, May 03, 2022 at 6 PM",195608,149256,46352,2118,1506,612
"Confirmed Positive COVID Cases, May 02, 2022 at 6 PM",193490,147750,45740,339,226,113
"Confirmed Positive COVID Cases, May 01, 2022 at 6 PM",193151,147524,45627,313,223,90
"Confirmed Positive COVID Cases, April 29, 2022 at 6 PM",192838,147301,45537,743,555,188
"Confirmed Positive COVID Cases, April 28, 2022 at 6 PM",192095,146746,45349,719,501,218
"Confirmed Positive COVID Cases, April 27, 2022 at 6 PM",191376,146245,45131,745,506,239
"Confirmed Positive COVID Cases, April 26, 2022 at 6 PM",190631,145739,44892,844,591,253
"Confirmed Positive COVID Cases, April 25, 2022 at 6 PM",189787,145148,44639,1572,1008,564
"Confirmed Positive COVID Cases, April 24, 2022 at 6 PM",188215,144140,44075,119,50,69
"Confirmed Positive COVID Cases, April 22, 2022 at 6 PM",188096,144090,44006,77,56,21
"Confirmed Positive COVID Cases, April 21, 2022 at 6 PM",188019,144034,43985,49,25,24
"Confirmed Positive COVID Cases, April 20, 2022 at 6 PM",187970,144009,43961,47,35,12
"Confirmed Positive COVID Cases, April 19, 2022 at 6 PM",187923,143974,43949,91,54,37
"Confirmed Positive COVID Cases, April 18, 2022 at 6 PM",187832,143920,43912,236,190,46
"Confirmed Positive COVID Cases, April 17, 2022 at 6 PM",187596,143730,43866,43,23,20
"Confirmed Positive COVID Cases, April 15, 2022 at 6 PM",187553,143707,43846,60,38,22
"Confirmed Positive COVID Cases, April 14, 2022 at 6 PM",187493,143669,43824,502,355,147
"Confirmed Positive COVID Cases, April 13, 2022 at 6 PM",186991,143314,43677,673,466,207
"Confirmed Positive COVID Cases, April 12, 2022 at 6 PM",186318,142848,43470,689,450,239
"Confirmed Positive COVID Cases, April 11, 2022 at 6 PM",185629,142398,43231,1000,674,326
"Confirmed Positive COVID Cases, April 10, 2022 at 6 PM",184629,141724,42905,221,150,71
"Confirmed Positive COVID Cases, April 08, 2022 at 6 PM",184408,141574,42834,419,279,140
"Confirmed Positive COVID Cases, April 07, 2022 at 6 PM",183989,141295,42694,495,343,152
"Confirmed Positive COVID Cases, April 06, 2022 at 6 PM",183494,140952,42542,474,323,151
"Confirmed Positive COVID Cases, April 05, 2022 at 6 PM",183020,140629,42391,534,380,154
"Confirmed Positive COVID Cases, April 04, 2022 at 6 PM",182486,140249,42237,734,494,240
"Confirmed Positive COVID Cases, April 03, 2022 at 6 PM",181752,139755,41997,160,126,34
"Confirmed Positive COVID Cases, April 01, 2022 at 6 PM",181592,139629,41963,297,211,86
"Confirmed Positive COVID Cases, March 31, 2022 at 6 PM",181295,139418,41877,311,209,102
"Confirmed Positive COVID Cases, March 30, 2022 at 6 PM",180984,139209,41775,398,272,126
"Confirmed Positive COVID Cases, March 29, 2022 at 6 PM",180586,138937,41649,316,225,91
"Confirmed Positive COVID Cases, March 28, 2022 at 6 PM",180270,138712,41558,523,368,155
"Confirmed Positive COVID Cases, March 27, 2022 at 6 PM",179747,138344,41403,80,56,24
"Confirmed Positive COVID Cases, March 25, 2022 at 6 PM",179667,138288,41379,266,201,65
"Confirmed Positive COVID Cases, March 24, 2022 at 6 PM",179401,138087,41314,270,188,82
"Confirmed Positive COVID Cases, March 23, 2022 at 6 PM",179131,137899,41232,227,148,79
"Confirmed Positive COVID Cases, March 22, 2022 at 6 PM",178904,137751,41153,305,241,64
"Confirmed Positive COVID Cases, March 21, 2022 at 6 PM",178599,137510,41089,454,305,149
"Confirmed Positive COVID Cases, March 20, 2022 at 6 PM",178145,137205,40940,65,46,19
"Confirmed Positive COVID Cases, March 18, 2022 at 6 PM",178080,137159,40921,195,152,43
"Confirmed Positive COVID Cases, March 17, 2022 at 6 PM",177885,137007,40878,205,145,60
"Confirmed Positive COVID Cases, March 16, 2022 at 6 PM",177680,136862,40818,199,135,64
"Confirmed Positive COVID Cases, March 15, 2022 at 6 PM",177481,136727,40754,206,151,55
"Confirmed Positive COVID Cases, March 14, 2022 at 6 PM",177275,136576,40699,247,172,75
"Confirmed Positive COVID Cases, March 13, 2022 at 6 PM",177028,136404,40624,68,51,17
"Confirmed Positive COVID Cases, March 11, 2022 at 6 PM",176960,136353,40607,110,84,26
"Confirmed Positive COVID Cases, March 10, 2022 at 6 PM",176850,136269,40581,138,88,50
"Confirmed Positive COVID Cases, March 09, 2022 at 6 PM",176712,136181,40531,147,100,47
"Confirmed Positive COVID Cases, March 08, 2022 at 6 PM",176565,136081,40484,148,104,44
"Confirmed Positive COVID Cases, March 07, 2022 at 6 PM",176417,135977,40440,218,139,79
"Confirmed Positive COVID Cases, March 06, 2022 at 6 PM",176199,135838,40361,43,33,10
"Confirmed Positive COVID Cases, March 04, 2022 at 6 PM",176156,135805,40351,125,82,43
"Confirmed Positive COVID Cases, March 03, 2022 at 6 PM",176031,135723,40308,161,120,41
"Confirmed Positive COVID Cases, March 02, 2022 at 6 PM",175870,135603,40267,144,99,45
"Confirmed Positive COVID Cases, March 01, 2022 at 6 PM",175726,135504,40222,229,158,71
"Confirmed Positive COVID Cases, February 28, 2022 at 6 PM",175497,135346,40151,352,236,116
"Confirmed Positive COVID Cases, February 27, 2022 at 6 PM",175145,135110,40035,45,24,21
"Confirmed Positive COVID Cases, February 25, 2022 at 6 PM",175100,135086,40014,15,8,7
"Confirmed Positive COVID Cases, February 24, 2022 at 6 PM",175085,135078,40007,10,7,3
"Confirmed Positive COVID Cases, February 23, 2022 at 6 PM",175075,135071,40004,14,9,5
"Confirmed Positive COVID Cases, February 22, 2022 at 6 PM",175061,135062,39999,70,58,12
"Confirmed Positive COVID Cases, February 21, 2022 at 6 PM",174991,135004,39987,5,2,3
"Confirmed Positive COVID Cases, February 20, 2022 at 6 PM",174986,135002,39984,7,2,5
"Confirmed Positive COVID Cases, February 18, 2022 at 6 PM",174979,135000,39979,137,99,38
"Confirmed Positive COVID Cases, February 17, 2022 at 6 PM",174842,134901,39941,171,136,35
"Confirmed Positive COVID Cases, February 16, 2022 at 6 PM",174671,134765,39906,208,167,41
"Confirmed Positive COVID Cases, February 15, 2022 at 6 PM",174463,134598,39865,260,191,69
"Confirmed Positive COVID Cases, February 14, 2022 at 6 PM",174203,134407,39796,372,263,109
"Confirmed Positive COVID Cases, February 13, 2022 at 6 PM",173831,134144,39687,93,81,12
"Confirmed Positive COVID Cases, February 11, 2022 at 6 PM",173738,134063,39675,253,189,64
"Confirmed Positive COVID Cases, February 10, 2022 at 6 PM",173485,133874,39611,296,245,51
"Confirmed Positive COVID Cases, February 09, 2022 at 6 PM",173189,133629,39560,326,268,58
"Confirmed Positive COVID Cases, February 08, 2022 at 6 PM",172863,133361,39502,388,313,75
"Confirmed Positive COVID Cases, February 07, 2022 at 6 PM",172475,133048,39427,550,425,125
"Confirmed Positive COVID Cases, February 06, 2022 at 6 PM",171925,132623,39302,237,202,35
"Confirmed Positive COVID Cases, February 04, 2022 at 6 PM",171688,132421,39267,471,384,87
"Confirmed Positive COVID Cases, February 03, 2022 at 6 PM",171217,132037,39180,537,438,99
"Confirmed Positive COVID Cases, February 02, 2022 at 6 PM",170680,131599,39081,835,672,163
"Confirmed Positive COVID Cases, February 01, 2022 at 6 PM",169845,130927,38918,163,135,28
"Confirmed Positive COVID Cases, January 31, 2022 at 6 PM",169682,130792,38890,810,605,205
"Confirmed Positive COVID Cases, January 30, 2022 at 6 PM",168872,130187,38685,301,246,55
"Confirmed Positive COVID Cases, January 28, 2022 at 6 PM",168571,129941,38630,732,598,134
"Confirmed Positive COVID Cases, January 27, 2022 at 6 PM",167839,129343,38496,982,815,167
"Confirmed Positive COVID Cases, January 26, 2022 at 6 PM",166857,128528,38329,1351,1114,237
"Confirmed Positive COVID Cases, January 25, 2022 at 6 PM",165506,127414,38092,1752,1445,307
"Confirmed Positive COVID Cases, January 24, 2022 at 6 PM",163754,125969,37785,2593,2050,543
"Confirmed Positive COVID Cases, January 23, 2022 at 6 PM",161161,123919,37242,768,635,133
"Confirmed Positive COVID Cases, January 21, 2022 at 6 PM",160393,123284,37109,2153,1826,327
"Confirmed Positive COVID Cases, January 20, 2022 at 6 PM",158240,121458,36782,2884,2438,446
"Confirmed Positive COVID Cases, January 19, 2022 at 6 PM",155356,119020,36336,3608,3058,550
"Confirmed Positive COVID Cases, January 18, 2022 at 6 PM",151748,115962,35786,5907,4862,1045
"Confirmed Positive COVID Cases, January 17, 2022 at 6 PM",145841,111100,34741,659,440,219
"Confirmed Positive COVID Cases, January 16, 2022 at 6 PM",145182,110660,34522,1535,1360,175
"Confirmed Positive COVID Cases, January 14, 2022 at 6 PM",143647,109300,34347,5152,4536,616
"Confirmed Positive COVID Cases, January 13, 2022 at 6 PM",138495,104764,33731,6187,5399,788
"Confirmed Positive COVID Cases, January 12, 2022 at 6 PM",132308,99365,32943,7512,6510,1002
"Confirmed Positive COVID Cases, January 11, 2022 at 6 PM",124796,92855,31941,8670,7412,1258
"Confirmed Positive COVID Cases, January 10, 2022 at 6 PM",116126,85443,30683,14123,11824,2299
"Confirmed Positive COVID Cases, January 09, 2022 at 6 PM",102003,73619,28384,4065,3378,687
"Confirmed Positive COVID Cases, January 07, 2022 at 6 PM",97938,70241,27697,9496,8033,1463
"Confirmed Positive COVID Cases, January 06, 2022 at 6 PM",88442,62208,26234,13179,10932,2247
"Confirmed Positive COVID Cases, January 05, 2022 at 6 PM",75263,51276,23987,13810,10831,2979
"Confirmed Positive COVID Cases, January 04, 2022 at 6 PM",61453,40445,21008,29293,18278,11015
"Confirmed Positive COVID Cases, December 30, 2021 at 6 PM",32160,22167,9993,3510,2066,1444
"Confirmed Positive COVID Cases, December 29, 2021 at 6 PM",28650,20101,8549,1160,565,595
"Confirmed Positive COVID Cases, December 28, 2021 at 6 PM",27490,19536,7954,1216,850,366
"Confirmed Positive COVID Cases, December 27, 2021 at 6 PM",26274,18686,7588,1710,1089,621
"Confirmed Positive COVID Cases, December 26, 2021 at 6 PM",24564,17597,6967,1583,1082,501
"Confirmed Positive COVID Cases, December 23, 2021 at 6 PM",22981,16515,6466,1153,740,413
"Confirmed Positive COVID Cases, December 22, 2021 at 6 PM",21828,15775,6053,653,413,240
"Confirmed Positive COVID Cases, December 21, 2021 at 6 PM",21175,15362,5813,628,396,232
"Confirmed Positive COVID Cases, December 20, 2021 at 6 PM",20547,14966,5581,880,562,318
"Confirmed Positive COVID Cases, December 19, 2021 at 6 PM",19667,14404,5263,697,455,242
"Confirmed Positive COVID Cases, December 17, 2021 at 6 PM",18970,13949,5021,808,543,265
"Confirmed Positive COVID Cases, December 16, 2021 at 6 PM",18162,13406,4756,1008,666,342
"Confirmed Positive COVID Cases, December 15, 2021 at 6 PM",17154,12740,4414,864,610,254
"Confirmed Positive COVID Cases, December 14, 2021 at 6 PM",16290,12130,4160,681,492,189
"Confirmed Positive COVID Cases, December 13, 2021 at 6 PM",15609,11638,3971,526,327,199
"Confirmed Positive COVID Cases, December 12, 2021 at 6 PM",15083,11311,3772,261,203,58
"Confirmed Positive COVID Cases, December 10, 2021 at 6 PM",14822,11108,3714,510,385,125
"Confirmed Positive COVID Cases, December 09, 2021 at 6 PM",14312,10723,3589,479,359,120
"Confirmed Positive COVID Cases, December 08, 2021 at 6 PM",13833,10364,3469,470,368,102
"Confirmed Positive COVID Cases, December 07, 2021 at 6 PM",13363,9996,3367,422,338,84
"Confirmed Positive COVID Cases, December 06, 2021 at 6 PM",12941,9658,3283,517,366,151
"Confirmed Positive COVID Cases, December 05, 2021 at 6 PM",12424,9292,3132,270,188,82
"Confirmed Positive COVID Cases, December 03, 2021 at 6 PM",12154,9104,3050,395,292,103
"Confirmed Positive COVID Cases, December 02, 2021 at 6 PM",11759,8812,2947,393,287,106
"Confirmed Positive COVID Cases, December 01, 2021 at 6 PM",11366,8525,2841,371,288,83
"Confirmed Positive COVID Cases, November 30, 2021 at 6 PM",10995,8237,2758,295,217,78
"Confirmed Positive COVID Cases, November 29, 2021 at 6 PM",10700,8020,2680,394,271,123
"Confirmed Positive COVID Cases, November 28, 2021 at 6 PM",10306,7749,2557,139,71,68
"Confirmed Positive COVID Cases, November 26, 2021 at 6 PM",10167,7678,2489,164,125,39
"Confirmed Positive COVID Cases, November 24, 2021 at 6 PM",10003,7553,2450,242,185,57
"Confirmed Positive COVID Cases, November 23, 2021 at 6 PM",9761,7368,2393,194,145,49
"Confirmed Positive COVID Cases, November 22, 2021 at 6 PM",9567,7223,2344,279,204,75
"Confirmed Positive COVID Cases, November 21, 2021 at 6 PM",9288,7019,2269,161,122,39
"Confirmed Positive COVID Cases, November 19, 2021 at 6 PM",9127,6897,2230,247,206,41
"Confirmed Positive COVID Cases, November 18, 2021 at 6 PM",8880,6691,2189,247,189,58
"Confirmed Positive COVID Cases, November 17, 2021 at 6 PM",8633,6502,2131,228,182,46
"Confirmed Positive COVID Cases, November 16, 2021 at 6 PM",8405,6320,2085,182,127,55
"Confirmed Positive COVID Cases, November 15, 2021 at 6 PM",8223,6193,2030,219,157,62
"Confirmed Positive COVID Cases, November 14, 2021 at 6 PM",8004,6036,1968,112,79,33
"Confirmed Positive COVID Cases, November 12, 2021 at 6 PM",7892,5957,1935,200,158,42
"Confirmed Positive COVID Cases, November 11, 2021 at 6 PM",7692,5799,1893,78,54,24
"Confirmed Positive COVID Cases, November 10, 2021 at 6 PM",7614,5745,1869,176,150,26
"Confirmed Positive COVID Cases, November 09, 2021 at 6 PM",7438,5595,1843,119,91,28
"Confirmed Positive COVID Cases, November 08, 2021 at 6 PM",7319,5504,1815,199,151,48
"Confirmed Positive COVID Cases, November 07, 2021 at 6 PM",7120,5353,1767,110,73,37
"Confirmed Positive COVID Cases, November 05, 2021 at 6 PM",7010,5280,1730,141,114,27
"Confirmed Positive COVID Cases, November 04, 2021 at 6 PM",6869,5166,1703,128,102,26
"Confirmed Positive COVID Cases, November 03, 2021 at 6 PM",6741,5064,1677,134,114,20
"Confirmed Positive COVID Cases, November 02, 2021 at 6 PM",6607,4950,1657,73,56,17
"Confirmed Positive COVID Cases, November 01, 2021 at 6 PM",6534,4894,1640,126,93,33
"Confirmed Positive COVID Cases, October 31, 2021 at 6 PM",6408,4801,1607,64,49,15
"Confirmed Positive COVID Cases, October 29, 2021 at 6 PM",6344,4752,1592,96,81,15
"Confirmed Positive COVID Cases, October 28, 2021 at 6 PM",6248,4671,1577,123,100,23
"Confirmed Positive COVID Cases, October 27, 2021 at 6 PM",6125,4571,1554,97,74,23
"Confirmed Positive COVID Cases, October 26, 2021 at 6 PM",6028,4497,1531,113,95,18
"Confirmed Positive COVID Cases, October 25, 2021 at 6 PM",5915,4402,1513,120,101,19
"Confirmed Positive COVID Cases, October 24, 2021 at 6 PM",5795,4301,1494,80,58,22
"Confirmed Positive COVID Cases, October 22, 2021 at 6 PM",5715,4243,1472,90,69,21
"Confirmed Positive COVID Cases, October 21, 2021 at 6 PM",5625,4174,1451,118,92,26
"Confirmed Positive COVID Cases, October 20, 2021 at 6 PM",5507,4082,1425,121,84,37
"Confirmed Positive COVID Cases, October 19, 2021 at 6 PM",5386,3998,1388,106,82,24
"Confirmed Positive COVID Cases, October 18, 2021 at 6 PM",5280,3916,1364,144,117,27
"Confirmed Positive COVID Cases, October 17, 2021 at 6 PM",5136,3799,1337,101,79,22
"Confirmed Positive COVID Cases, October 15, 2021 at 6 PM",5035,3720,1315,161,132,29
"Confirmed Positive COVID Cases, October 14, 2021 at 6 PM",4874,3588,1286,161,133,28
"Confirmed Positive COVID Cases, October 13, 2021 at 6 PM",4713,3455,1258,135,105,30
"Confirmed Positive COVID Cases, October 12, 2021 at 6 PM",4578,3350,1228,223,180,43
"Confirmed Positive COVID Cases, October 11, 2021 at 6 PM",4355,3170,1185,55,33,22
"Confirmed Positive COVID Cases, October 10, 2021 at 6 PM",4300,3137,1163,114,85,29
"Confirmed Positive COVID Cases, October 08, 2021 at 6 PM",4186,3052,1134,177,132,45
"Confirmed Positive COVID Cases, October 07, 2021 at 6 PM",4009,2920,1089,152,122,30
"Confirmed Positive COVID Cases, October 06, 2021 at 6 PM",3857,2798,1059,159,126,33
"Confirmed Positive COVID Cases, October 05, 2021 at 6 PM",3698,2672,1026,181,145,36
"Confirmed Positive COVID Cases, October 04, 2021 at 6 PM",3517,2527,990,216,169,47
"Confirmed Positive COVID Cases, October 03, 2021 at 6 PM",3301,2358,943,90,60,30
"Confirmed Positive COVID Cases, October 01, 2021 at 6 PM",3211,2298,913,181,151,30
"Confirmed Positive COVID Cases, September 30, 2021 at 6 PM",3030,2147,883,171,134,37
"Confirmed Positive COVID Cases, September 29, 2021 at 6 PM",2859,2013,846,191,141,50
"Confirmed Positive COVID Cases, September 28, 2021 at 6 PM",2668,1872,796,173,137,36
"Confirmed Positive COVID Cases, September 27, 2021 at 6 PM",2495,1735,760,274,200,74
"Confirmed Positive COVID Cases, September 26, 2021 at 6 PM",2221,1535,686,125,86,39
"Confirmed Positive COVID Cases, September 24, 2021 at 6 PM",2096,1449,647,197,150,47
"Confirmed Positive COVID Cases, September 23, 2021 at 6 PM",1899,1299,600,210,154,56
"Confirmed Positive COVID Cases, September 22, 2021 at 6 PM",1689,1145,544,202,160,42
"Confirmed Positive COVID Cases, September 21, 2021 at 6 PM",1487,985,502,213,168,45
"Confirmed Positive COVID Cases, September 20, 2021 at 6 PM",1274,817,457,298,225,73
"Confirmed Positive COVID Cases, September 19, 2021 at 6 PM",976,592,384,164,105,59
"Confirmed Positive COVID Cases, September 17, 2021 at 6 PM",812,487,325,252,176,76
"Confirmed Positive COVID Cases, September 16, 2021 at 6 PM",560,311,249,157,81,76
"Confirmed Positive COVID Cases, September 15, 2021 at 6 PM",403,230,173,185,125,60
"Confirmed Positive COVID Cases, September 14, 2021 at 6 PM",218,105,113,135,72,63
"Confirmed Positive COVID Cases, September 13, 2021 at 6 PM",83,33,50,83,33,50
"Confirmed Positive COVID Cases, September 12, 2021 at 6 PM",27891,15038,12853,43,9,34
"Confirmed Positive COVID Cases, September 10, 2021 at 6 PM",27848,15029,12819,48,15,33
"Confirmed Positive COVID Cases, September 09, 2021 at 6 PM",27800,15014,12786,28,13,15
"Confirmed Positive COVID Cases, September 08, 2021 at 6 PM",27772,15001,12771,27,12,15
"Confirmed Positive COVID Cases, September 07, 2021 at 6 PM",27745,14989,12756,27,7,20
"Confirmed Positive COVID Cases, September 05, 2021 at 6 PM",27718,14982,12736,8,5,3
"Confirmed Positive COVID Cases, September 03, 2021 at 6 PM",27710,14977,12733,35,22,13
"Confirmed Positive COVID Cases, September 02, 2021 at 6 PM",27675,14955,12720,21,9,12
"Confirmed Positive COVID Cases, September 01, 2021 at 6 PM",27654,14946,12708,18,13,5
"Confirmed Positive COVID Cases, August 31, 2021 at 6 PM",27636,14933,12703,20,10,10
"Confirmed Positive COVID Cases, August 30, 2021 at 6 PM",27616,14923,12693,22,19,3
"Confirmed Positive COVID Cases, August 29, 2021 at 6 PM",27594,14904,12690,6,3,3
"Confirmed Positive COVID Cases, August 27, 2021 at 6 PM",27588,14901,12687,9,4,5
"Confirmed Positive COVID Cases, August 26, 2021 at 6 PM",27579,14897,12682,14,9,5
"Confirmed Positive COVID Cases, August 25, 2021 at 6 PM",27565,14888,12677,20,15,5
"Confirmed Positive COVID Cases, August 24, 2021 at 6 PM",27545,14873,12672,10,4,6
"Confirmed Positive COVID Cases, August 23, 2021 at 6 PM",27535,14869,12666,24,19,5
"Confirmed Positive COVID Cases, August 22, 2021 at 6 PM",27511,14850,12661,13,10,3
"Confirmed Positive COVID Cases, August 20, 2021 at 6 PM",27498,14840,12658,34,19,15
"Confirmed Positive COVID Cases, August 19, 2021 at 6 PM",27464,14821,12643,36,28,8
